6 0.0909371146732429 0.4073482428115016 0.051171393341553635 0.0926517571884984
5 0.35080147965474723 0.48322683706070285 0.0036991368680641184 0.007987220447284345
5 0.4343403205918619 0.46325878594249204 0.02157829839704069 0.051118210862619806
0 0.09001233045622688 0.31070287539936103 0.04808877928483354 0.09105431309904154
6 0.09217016029593095 0.4057507987220447 0.04623921085080148 0.08626198083067092
5 0.35141800246609123 0.48322683706070285 0.0036991368680641184 0.007987220447284345
0 0.08970406905055488 0.31389776357827476 0.04500616522811344 0.08466453674121406
5 0.35172626387176326 0.48322683706070285 0.004315659679408138 0.007987220447284345
5 0.4346485819975339 0.46325878594249204 0.02096177558569667 0.04792332268370607
6 0.09247842170160296 0.40654952076677314 0.0468557336621455 0.0878594249201278
0 0.08970406905055488 0.31230031948881787 0.04623921085080148 0.08466453674121406
5 0.4346485819975339 0.46246006389776356 0.02342786683107275 0.04952076677316294
